-1 -1 000x -1 -1 -1 1000 -1 -1 -1 1x01 -1 -1 1111 -1 -1
1111 -1 -1 1011 -1 -1 -1 -1 1100 -1 -1 0010 -1 -1 -1 -1
-1 1011 -1 -1 -1 1111 -1 0110 -1 00x0 -1 -1 -1 -1 1100 -1
-1 -1 -1 -1 1010 -1 -1 -1 -1 -1 -1 -1 -1 -1 -1 0110
-1 1111 -1 -1 -1 -1 -1 0001 -1 -1 -1 -1 0101 -1 -1 -1
1100 -1 0011 -1 1111 -1 -1 -1 0010 -1 -1 -1 -1 -1 -1 -1
-1 0001 -1 -1 -1 0010 -1 -1 0011 -1 -1 1001 -1 -1 1111 1110
0000 -1 11x0 -1 -1 0101 -1 -1 -1 -1 0011 -1 -1 -1 -1 -1
-1 1010 -1 1101 -1 -1 -1 0011 -1 -1 -1 1011 -1 0010 -1 -1
-1 -1 -1 -1 0000 -1 0001 -1 -1 -1 -1 -1 1110 -1 1010 -1
-1 -1 0011 -1 -1 1111 -1 -1 1010 -1 -1 -1 -1 0001 -1 -1
-1 1010 -1 -1 0101 -1 -1 -1 1101 -1 -1 -1 -1 -1 1001 -1
-1 -1 -1 1110 -1 -1 1001 -1 -1 1010 -1 1111 -1 -1 0000 -1
0010 -1 0101 1001 -1 1110 -1 -1 -1 -1 1111 -1 -1 -1 -1 -1
-1 1111 -1 -1 1101 -1 -1 11x0 -1 -1 -1 -1 -1 -1 -1 -1
-1 -1 -1 1100 -1 -1 1010 -1 -1 -1 0000 -1 01xx -1 -1 -1